version https://git-lfs.github.com/spec/v1
oid sha256:9c8d8435389aa0660578e36cfe0d850929fce8ce64142e60cbc44e7d1fd79d3f
size 9635941
