version https://git-lfs.github.com/spec/v1
oid sha256:af9b966ec0e968c2a97af3f6fb977d3e3337f578a8849b6f7c30868b52412c00
size 56756
