version https://git-lfs.github.com/spec/v1
oid sha256:52115069e2804a4394237f309307953729b85ad10975d4fb59b96b4bf84259df
size 59390
